      0  0.26979902825558666       0.26979902825558666       0.26979902825558666     
           1  0.26320412041921609       0.26320412041921609       0.26320412041921626     
           2  0.24544838925571733       0.24544838925571730       0.24544838925571741     
           3  0.22096469483759898       0.22096469483759898       0.22096469483759906     
           4  0.19374934478137495       0.19374934478137490       0.19374934478137484     
           5  0.16620040315139378       0.16620040315139370       0.16620040315139364     
           6  0.13959212487230577       0.13959212487230560       0.13959212487230560     
           7  0.11474625284546938       0.11474625284546923       0.11474625284546913     
           8   9.2238725943820543E-002   9.2238725943820390E-002   9.2238725943820321E-002
           9   7.2383990311000054E-002   7.2383990310999874E-002   7.2383990310999846E-002
          10   5.5306423679665359E-002   5.5306423679665158E-002   5.5306423679665206E-002
          11   4.1063902748938147E-002   4.1063902748937911E-002   4.1063902748938091E-002
          12   2.9692453023515645E-002   2.9692453023515405E-002   2.9692453023515652E-002
          13   2.1191415719611167E-002   2.1191415719610935E-002   2.1191415719611199E-002
          14   1.5534462524909001E-002   1.5534462524908742E-002   1.5534462524909060E-002
          15   1.2705345514156557E-002   1.2705345514156313E-002   1.2705345514156592E-002
